Bitmap Example/raster_gaussian1.asc
ncols 49
nrows 49
xllcorner 50
yllcorner 50
cellsize 1
nodata_value -9999
[rows 19 to 37 of 49, columns 0 to 43 of 49]
14.829998963963103 49.19445102450128 74.78639653350645 44.46041025850123 16.294894364627275 39.476100212572135 112.73948185192074 191.53691924327438 218.97767274321316 179.71462436592338 117.70655723549945 84.06557477628212 50.27241712423989 39.04095037351678 45.01090949523672 30.54655484230773 37.427230104873914 96.94877522125522 158.23412925740456 174.251179807723 185.64573761426612 190.75541341287942 140.54112110188166 60.78337315360314 17.598916335273103 12.776268728375648 38.79150660604965 105.29458805402292 183.59441978471415 224.2398846143991 235.1457831036817 231.8438632108581 197.80650168442747 122.66645873036649 56.87265077521779 66.59697905691547 108.7863256588878 84.94323375898239 31.158615226283057 5.944567191347006 1.814022058643009 4.749307295190276 10.137868813823172 12.682984500851823
5.695503026162695 22.6847454301743 37.0747068986802 22.97992904376051 9.78017402825976 30.544344738705544 101.35871870907494 191.95190375774803 231.96434740355966 199.27514446017733 125.3537144597977 67.11042774849734 41.81792713455563 44.016249673390405 40.649203577561565 28.2462663206989 57.73440382087172 138.31190652464196 201.13641514010735 218.8991425555829 226.04354081573922 207.61687451649968 136.008143001726 52.175482558198006 13.977545763615453 26.631482877124345 82.11230313067571 157.84534830509256 205.4372105918947 218.39864881449682 234.0965670525087 240.90178512717284 205.93065203121137 126.75095879923134 58.395783998518965 54.68560520188187 75.71642607455524 49.72224757878724 16.921642703297895 8.634571575713185 7.89812080426595 8.177295966180404 8.13219179851493 7.766297165425341
5.359700374435181 22.705027249001734 39.68242097689837 27.981217368768505 11.19756637876547 23.0691057248468 88.11286188428295 184.8181735001012 235.9834524000956 220.5271986742511 151.069467650785 69.2551573484898 39.69871384190698 45.565363074727856 30.965182024462226 18.825611554342483 55.5596970854493 140.36249260986656 210.89218351724963 236.83967753620445 242.58262284281 222.99888858706097 153.10206762074787 61.901252247576 18.080640726943344 38.870058018027635 109.56918707832449 182.57354018931056 198.0159269372546 183.62185220649593 208.35403929252163 231.15273334510547 196.16561052116475 120.61294739938616 64.65796624839444 41.48903250764258 35.57012027990701 23.495370864397856 23.83650349909965 38.21624939549474 42.84035509378137 41.951496667618954 37.97605725380324 34.75575388805774
9.96085601944398 43.92467150599052 83.93706645849832 70.30981264132843 32.443346374157166 38.20333184637536 107.14601991744561 195.2158582017615 237.1099612043373 225.87952463470697 163.5988928728252 72.8591088168562 28.806760036639993 26.114554684594363 16.068522818551518 9.345771926546204 33.73558252038359 103.13223790067718 178.36308196490808 213.47193682276185 232.96192616981676 229.2290698429773 167.0452838714229 70.26052616806432 17.662341696330103 27.48637381792159 85.27028635878563 158.30977293925565 181.6355191674348 163.85136785425487 182.5636233771508 212.2585812360918 186.6605919545325 126.64588529374169 87.81223032145759 45.89496213740211 15.690119390121435 13.598345936815795 45.4702890266075 92.91392126308332 110.57235931055523 102.4602857322757 87.80688175428163 80.40938786730649
10.29644204496387 48.400275641204864 104.78233332883269 105.5118487203589 58.29916664423674 63.2204001024297 138.1756963931675 204.67102224409206 216.56763156459593 187.65049617947102 132.12301919717694 60.2189613923529 17.20209349861436 7.8177739949889 6.936386741091882 8.944314355652667 24.539730480704897 79.98534275036758 145.73869872996838 175.8172266835011 209.40081661253544 215.73472237663594 152.51505187820072 61.48743503768963 13.004259503406875 13.648044815095274 56.84950536412813 132.43041560312025 173.61932820882336 159.69743460679305 161.06744094531376 186.74786344893363 183.9034331780923 142.60828001349034 98.37755274891401 45.138360198443415 10.474240259184327 11.39777010549297 52.91123686880848 120.63429738170841 153.0785742502252 133.8251630755196 111.35855582465254 106.41489762029724
5.1553957971802635 27.095743938345535 69.6765152273165 84.21267853902634 53.32925443653053 60.018132689481696 123.57549929760873 168.82129581942098 160.089991825657 120.0058395332029 85.20490030279099 53.12924350275648 21.193570850567056 7.876303930268001 16.2583731553599 29.497265070737843 44.422423348089225 96.18028364414458 153.5560232880983 174.4551875293948 202.41713277238415 203.2629515079513 136.30443562897452 52.01955857098075 10.661023194265486 13.01243914174858 61.58961494891531 143.4231675978292 174.87433392850394 152.62520572717597 154.46043929294882 174.50297049070832 184.3782974316996 150.25783080504894 83.34151930150631 28.205715847517823 5.539756927638253 9.327872595980953 46.78702397635209 111.3471941053891 145.6049673907595 128.21752739969588 113.39161612789748 113.08988652780087
1.2149525166299049 7.681586058902803 24.21535628027886 34.07344942051363 23.90342299871094 31.650883076046068 76.68946044131226 122.15137868894487 129.98759609414702 110.68685501454846 95.88218045987657 74.41834195206762 34.80157312652801 15.56814725863551 31.136283858796016 50.64500933027969 64.85451022302166 118.90292257119307 182.12250830985073 200.29255005558227 206.9186725123948 206.11417469300653 150.14454301116874 62.19662006905121 16.028657415897918 20.548125179075836 75.6610084204117 161.3099745054892 180.67348293901827 152.25833535992805 160.57832508922874 169.03384321880299 162.71378043933328 124.21527860137843 56.823144437076024 13.394817724749398 2.4294087858524893 10.62161074918031 51.808630713510425 114.54338566569547 145.48265511838204 141.85950181816787 134.04992574228098 121.01136263572845
0.13603810786588602 1.0862238131149593 4.073315376982497 6.383035514331101 6.158805913688802 19.33441564476753 69.97317043681736 141.5923706439442 179.23467576934473 179.87112470106163 159.84196837764594 109.48708549066612 47.59308595477174 26.560617135361092 40.556916972386716 44.86256466687554 51.647355199498776 109.535400426394 188.06929325756855 213.54916646630875 208.0743497212956 211.29233606937322 167.57400783416563 76.20742003113652 30.257575328081614 40.50337377541249 90.25463432318105 171.13075170946433 195.57045019071938 172.6976978229129 171.91306047612227 161.0647395108956 130.15920706152863 82.0302620985331 31.26470332280025 5.943473083569888 1.9724356669122034 12.774374649999652 52.36060266237497 106.57880699242406 133.21034874895412 137.0815801581875 130.66120251147 105.94261774138108
0.0073094043509406535 0.07112153288336925 0.3055909296753751 0.8446469389160702 5.5193786935064 32.67930535067239 102.81019086124769 186.76352152317168 230.38808742764652 235.9330102131408 214.48812480471764 149.26540344695547 66.10404148474305 36.840886480357646 45.22925408069076 36.11116547880809 45.27275527184362 112.81186097793682 195.95512586993232 229.16714684952083 227.9826408007358 224.50595302757512 174.56410684278512 81.33059781161802 40.51382243166967 55.85422233562395 97.32156983895376 173.47279589493976 214.72344910724024 203.76782190102006 192.08845893686038 185.19683425955174 156.2903001827221 94.21639187823692 33.417825049035244 6.110987376324795 4.10765881246688 19.307997233459442 46.62299647316813 64.62465949761585 68.62270647125325 68.76025540616207 65.43986081581778 53.19991161740619
0.00016037972065102948 0.0019937902043713762 0.032128451860186154 0.7834744190209212 10.006599138995092 53.95848246880159 138.62037537958332 211.88275680481127 244.42711645785954 250.79798069016277 235.8191610039213 172.7572944766647 76.5531833753372 29.194675738462998 26.76183500523709 25.410072593443306 57.55641004419354 138.9445571538243 211.47749313056377 241.87083333991393 246.25565013987506 233.01965950967977 171.91237930838318 76.30573667150648 29.881719068246753 36.561913329292054 73.17935968608082 149.96900902887455 212.08678904935493 216.75640598645356 201.26515183872368 206.11645822860885 198.28068965363656 139.56764124395318 56.74889165613262 11.182230990538455 6.386357338273299 25.507432747210053 45.002655671995086 34.76633054456836 19.01809508923372 14.69147286634786 13.996295461496267 15.67035430726064
0.00015124529624779582 0.00500855634187207 0.0847316333620918 1.0844971186247971 10.903462033001102 54.681466376176886 132.09847977086739 195.793617825992 233.53812132539665 248.87881846181511 238.39273881102991 177.142734172812 76.75785636953586 18.218777173329592 7.676523137252911 13.479941777380965 51.368429570622425 123.35625290052265 186.9328214756879 228.8942820909499 243.64201578970227 220.0920549219394 147.43238544838448 58.77354751999694 14.55310681256093 12.293861029240684 39.27612468317899 108.67231426193766 186.701802955819 215.21977995412294 202.07755081663527 190.29002473233172 188.3657528723511 151.9925645462028 68.94806068550061 14.044357524181647 4.42121207719885 15.030296858561128 24.963940022215862 15.73639934943971 4.417022776901446 1.4848457550468077 1.696653872804861 4.861665202174246
0.0018425449081235802 0.061016707386699565 0.7616936409012911 3.957845657189419 13.54390410054048 45.088461016892666 102.99900417422404 160.5890392367484 208.77019232057967 232.98939869677946 225.53765893651618 167.90040985048978 72.2609986021111 15.082670519907474 5.2229113177095385 10.24462864076098 26.887777781787634 63.45766881050214 121.01928744851392 189.77607669276472 220.54882101418468 185.70975063776933 102.70143267689332 32.67215175882989 5.870629423408559 5.7745694760549435 29.27789316210759 84.43472417805972 145.4333373181833 177.9799768016744 170.46293655310586 142.11068548858663 144.5506561461385 133.9370933481216 65.64665074172093 13.582897181563663 1.820793668363223 3.365521586492041 5.504647576055095 3.3653703411957934 0.8519334738742105 0.9092845265582062 4.1715606955188935 9.591305957802106
0.008257713376344502 0.2734579106029873 3.347007802322779 15.462790193540473 31.453701102257718 50.26415484365135 88.53307701062855 128.6399514195892 159.27377872305988 173.93230357570863 167.6627873866177 124.79176178118718 53.90282728294168 13.796406609869761 15.828293709068694 25.542580532419944 20.15755635150215 23.332574650617808 63.4172787551309 128.43902097691844 159.15469893313997 127.62840924433151 59.53911026758149 14.07323225179516 2.0950854131590506 6.008960618269187 29.4088165174659 64.51955084040725 83.66500671132516 98.90468770040039 104.54618731784043 91.19317448419402 103.2350540619168 100.99687059515728 49.56171344026327 10.162440236328809 0.8691138161787342 0.3024884507249489 0.5118771484512605 0.5551735345823192 0.7935882052183907 3.8834749672715776 18.327871884304347 39.61221793849608
0.013614667690924155 0.45085587385235926 5.50096705345105 24.903079127337616 44.269727318843785 43.58031509926621 50.28617847001486 63.78754798479932 72.28146437105201 75.80999438418078 72.87154125238158 54.621613432672646 24.2806967890277 10.327930416953917 25.039121802415703 40.67859463663247 25.310517823118794 10.72621988226018 24.217837536732873 53.617270756637645 67.79061645055829 53.54095721637255 23.485421851409633 4.779461018367959 0.698613326824273 3.4407033666918783 15.85345637552566 29.422275372648375 28.690137147758104 31.814284664631213 39.28324503672371 39.297887080513775 48.44405082669114 46.91358693635468 22.677399252867552 4.750993653998276 0.41775829905741946 0.08469029319408142 0.7571015822276506 3.353271725494752 5.958862046805462 9.274959991142346 30.85193708601845 65.26351285760181
0.008257713376344502 0.2734579106029873 3.3334022690562577 14.998470897293437 25.48710042045841 19.3650217932252 13.51790290470439 13.951338229109457 15.40480430531942 18.941710606112473 23.680915918966708 22.88141628617295 14.779082514860871 8.614983331274027 15.865838338723888 24.689754957589678 15.010564945782278 4.227641513471446 4.780821257849394 10.394843176008717 13.187241586331911 10.386892520437069 4.514521506301099 0.9745172937698233 0.5029528027326579 1.5752621763483443 4.499340523840664 7.057232264761521 5.983546744457188 5.992106948426029 7.60858793251443 8.723228170722852 14.020940018232665 18.189106788728793 13.184395657261977 4.9421024550984125 0.8806337111486673 0.33831552031438344 3.3332418893356066 14.93855374422839 24.8976122678948 18.535153285882515 21.59309471970701 39.81980639787895
0.0018425449081235802 0.061016707386699565 0.7454807047410977 3.4025844097941746 6.363082413218254 7.2760468315942095 7.4874868677199755 5.021793861272572 5.569832272295485 19.818981562523128 44.718842322074735 58.624087059706966 48.781048177356475 22.678067733204074 7.693316841517594 5.837435461645109 3.355072930234865 0.8251252033727952 0.4190090986753188 0.8128817529299334 1.0332174036485164 0.8772202842588308 0.7540754619552299 1.6734248526379019 5.227484232854078 10.834950254359551 14.390994290355698 15.270383519220882 14.47682547803944 11.104242109707943 5.779426787100567 5.381120489364259 19.18831605665071 40.2964436548188 39.88923663115044 18.329563183916225 3.623787536867964 0.7328785556363883 5.502649218638522 24.62599690219993 40.66122631416507 25.428506733918987 9.56912651893014 9.276953781346718
0.00015124529624779582 0.00500855634187207 0.07112153288336927 0.6080883411011235 4.527589244936894 18.54540935667543 30.206952285043183 18.76345873753332 10.07612369399837 31.211300694555128 74.08869843408824 104.79273607770966 95.33445952778357 45.554757609277814 9.56719693828658 1.2498147350219344 0.5689440147816928 0.5138709386556318 0.2887225377377769 0.08687666886271096 0.09999169328467976 0.8515896431137044 4.504499826405153 13.534134902386453 32.034391626386096 57.50314730929033 72.73914320854934 76.02172476673027 72.95040305611184 57.2424889079577 29.47640321565088 14.075981765560677 31.29650365557728 65.30094778918416 65.21290346630428 30.110443961686094 5.951974172599657 0.7430928209965921 3.407873264413231 15.212162900127625 25.085526987096866 15.278036918559948 3.7287332147119936 1.0131875674893713
4.56721220161684e-06 0.00015581250844941264 0.02387073848384165 0.7345652880360625 8.847663230756929 39.576322769211124 65.23277292274277 39.84331960396568 12.51870156202442 20.044953374688358 49.116331712283866 79.81670370120256 83.79697027666026 43.2207602833428 9.180098151162035 1.4896730800593416 3.3615294388710963 5.494391505262178 3.3317064022321805 0.7567577514671445 0.4074341285689781 3.9714603248803435 20.222845910640597 52.86047623221469 95.37401344444407 140.8671860024384 168.9241228092826 176.67575717323626 171.98875496463648 143.37416586146918 84.74015929522665 33.057243054113464 23.495366297185655 39.97255708517398 39.561608547198546 18.261851187787975 3.6086935901429653 0.408757595094603 1.555945759244001 6.936265733882357 11.436265419577365 6.9402441798666965 1.5678931296487943 0.19480871702989794
4.56721220161684e-06 0.0003070578046972084 0.029025972909759896 0.8004393064683862 9.180295303838493 40.29237884029013 65.93874817065085 40.00837958755121 10.508934392557382 9.213422798631278 21.74465524959455 35.9095919848426 38.257920198817644 19.878809087206477 4.475753973768719 3.677816765609762 14.954010956827437 24.62415435729181 14.934136933176742 3.4113417664394747 1.5523856542701187 9.862106165076403 40.21948319593469 94.47027991961383 147.83966747340753 188.40980958485255 220.3486405504701 236.07487543206452 235.42299751259375 211.87987548086303 146.98086566140782 63.97829874838651 18.414069864334955 10.452766538869394 8.914146797586447 4.0785759159926585 0.8228615935842385 0.41595709431730626 4.145851979339129 18.537147076086885 30.564612525056244 18.60118311682329 4.470382151552798 1.1010852122852115
