Bitmap Example/raster_gaussian2.asc
ncols 49
nrows 49
xllcorner 50
yllcorner 50
cellsize 1
nodata_value -9999
[rows 0 to 18 of 49, columns 0 to 43 of 49]
176.7574475837746 159.5023947953948 131.39082621980427 100.49983398168062 72.70420570740453 51.30483368067946 37.479549910427664 30.030973237052073 26.347563978990223 24.557853842046914 24.118890454616732 24.76912839242058 26.857924133356534 32.85794159188845 46.20906001432397 67.30763449174943 92.21221713683406 116.70216441002063 140.00340701833372 162.9256271248475 184.12350353359267 200.3001072855663 209.05051951932967 209.83835920528318 202.74440585591742 187.7367491534808 165.3919262907153 137.68956312867374 107.95542187240179 80.35224716114081 59.00261241632057 46.20885783421333 40.86922418184489 39.48928470882577 39.1824395179344 38.75274398265062 36.99347010167153 32.16307024202286 24.13721722565945 15.690079538681427 10.946961501885898 13.669376446910613 26.83076789098791 51.55103807955386
162.1912430043124 144.1458676777337 115.6620599446632 86.10193937056559 61.63317431392744 44.71438611072413 35.19236292881946 30.86472398994235 28.871976451979013 27.711175136865094 27.324615396945493 27.61519922824244 28.708893542167196 32.737774914410565 43.062825858890925 60.493321707088896 81.81618210279044 103.29817845571348 124.09269472862547 144.74299654847243 163.92274686180343 178.56284521001226 186.35946600647978 186.71637869554502 179.6914426217854 165.3728323039815 144.55508765979772 119.46841907088947 93.61157091884644 70.91579026361048 54.53697172584913 45.39578463561365 41.57296981643191 39.878948272085424 38.38097597911839 36.74943292380771 34.33225529608941 29.6656141368723 22.552734135560115 15.384585415926542 11.897356622953442 15.680325177067228 29.58476569819609 54.32126779733208
140.71566522269973 121.66148434304188 92.86509893944333 65.46070135770755 45.93405237994183 35.46273678500161 32.01133346743589 32.05530770979702 32.45290377369269 32.149895182927956 31.66650853953459 31.17456001698293 30.616299401277217 31.66702236911952 37.48920459536008 49.47267720316577 65.53423296187648 82.59783685788064 99.46449328577424 116.09002760462592 131.25013313418484 142.50005121891857 148.0132422190709 147.37491225930566 140.76269426752876 128.40947895046975 111.19907229704745 91.39161738347042 72.42314439426566 57.66307990201524 48.738768436146664 44.58288540477205 42.31818638180186 39.56440536071734 36.0317067387158 32.667456304426274 29.560505278999212 25.657167891950614 20.646128953893438 16.196805471826284 15.208059798464395 20.825952400836137 35.76320456701153 60.39570502985309
121.76597236726401 102.02790473017338 73.315060911844 48.248246902418444 33.50516617478867 29.049995439379465 31.17516865375458 35.27032748002347 37.947666185333446 38.33664830607769 37.26139757198131 35.258085079764705 32.4615846955505 30.332034910899576 31.820077208218603 38.85747505460101 50.47092515348543 63.9943395083835 77.38005512178154 89.61180739474484 99.57801613415384 105.80853837483906 107.47985326315533 104.93659526544592 98.89627360455584 89.74504784416561 78.01020370102398 65.31422753990938 54.440942023371036 47.880311852010664 45.75227493189726 45.332750895853806 43.31505915847226 38.633500508472956 32.85677936726628 28.087823013384295 24.97926095690361 22.88145396594764 21.376262345057263 21.142177282391653 23.68235140519961 31.196631621318573 46.28618010576996 69.73284601482997
110.48146023570078 90.55443868079843 62.36334393997482 39.53397697757617 28.961445846008722 29.786025024599784 37.00136003468632 45.02851545342486 50.01520085760041 50.826049076875776 48.27555120354995 43.443804279855094 37.2636377820533 31.596434222306463 29.495478828359637 33.39543333161548 43.07365664394193 55.6927109716768 67.79682980414697 77.04491059660856 82.25705688685102 82.90450945362713 79.43983982448722 73.6101118981106 67.35442251829829 61.447697065913104 55.69745226451059 50.38527870989514 46.99385354878112 46.899464558252554 49.10036938235074 50.026209335841706 46.63131537631141 39.36756867676269 31.47179853336432 25.90466041814988 23.68889195815042 24.558672866658746 27.9942624639982 33.403479367833626 40.183372572655834 48.80902697610921 61.70150937819074 81.1968329214605
105.73914557744182 86.1972868958043 59.12187520700139 38.75699372238793 32.42638909108882 38.912320627130896 52.05905527838458 64.99946112629178 72.8959502812235 73.93402029079905 68.78188404069007 59.31387200070772 47.92830065545379 37.766560559019936 32.625352993920714 35.45507641152708 46.178891257851845 61.00619318262238 74.58628914043359 83.08391454113436 85.06521547107165 80.61604539602831 71.30042395532749 60.59210631557225 52.35138061682103 48.33906211158234 47.767081083224255 49.20847535444217 52.25121017504863 56.79581306855804 60.9777007819186 61.099063185408696 54.88603246004036 44.269053942308226 33.916487957179314 27.595413869767107 26.775400862945013 31.59349139782367 41.29877704880041 53.61976351239416 65.08843651166038 73.6641471940965 81.43257130465922 93.2515735809016
102.03159673375902 83.8164353063666 59.083079853110426 42.15464673565395 40.87798615187505 54.0743764652576 74.49996348096298 93.58427441817943 105.02595416990661 106.11929889877987 97.38922743368181 81.68693508420641 63.41738203886763 47.85603848628329 40.18331298880519 43.785323572531226 58.020887254954374 77.3900033281175 94.3172268449166 103.53360951800074 103.43915736672477 94.57687978790372 79.2808630576244 62.58422726638605 50.59668896027654 46.7817486410018 50.368665316165156 58.26335641523669 67.59346754461644 76.12003840430671 80.98566760262617 78.80372030403674 68.46983006330153 53.396767319416305 39.63582186357853 31.981607578891655 32.610157458386624 42.025243043962405 58.90791160749351 78.83904197464679 95.04697582294396 102.69126115298413 103.43932073723607 104.86773829070943
93.40022397938903 77.97039584944429 57.58428658714807 45.67448062420313 50.32313374808083 70.68011455441285 98.68595937306094 124.04882212791036 138.93570571604118 139.81089619792724 127.1000152327884 104.63666310650017 79.04628793857366 58.16630254161964 48.79240801556437 54.4926145360035 73.5421189248566 98.36959897376408 119.11725503299137 129.2207700484052 127.15579828410904 114.13001611553035 93.16548650665857 70.47819107362449 54.21955256917472 49.88498224612798 57.311835924409515 71.94254762438435 87.99553430600184 100.43761532333971 105.22335257252257 99.65691696515978 84.24240299246362 63.98005551534862 46.26066482223644 36.99956260439678 39.16839917554152 53.432241097853435 77.47679130003542 104.51087504466032 124.75756693543616 131.13228399153618 124.9412296352367 115.68742092753598
77.6501595330059 66.50228555226877 52.4904859702265 46.99015215676485 57.75149869880966 84.4342876031921 118.68367154259951 148.95616240450323 166.24424249217503 166.4473399736109 149.97790220208503 121.54225985717265 89.78666466351764 64.85524791216207 54.818690553588105 63.11323818842103 86.89802952105052 116.8471032896538 141.142527987069 151.92862288746085 147.66906084281644 130.459238016502 104.36781212952017 76.74619413464356 57.31634481553878 53.228105915182496 64.88838868293081 86.30755887826521 108.6906662674113 124.16543217730779 127.76344743615783 117.97827790635887 97.31024716352624 72.35215308133267 51.51795208139535 41.47931677502479 45.68187439132887 64.5670282956269 94.52497800042009 126.68707062219423 149.3775112017082 154.46835124156186 142.9870862882328 124.91336623126585
57.907893979234046 51.69579655381722 44.842294755195084 45.937646327724664 61.924860294881185 93.0382471986636 131.1580085816878 164.13943858721007 182.28592909095144 181.22869920871057 161.53797977779453 128.72426771828933 92.9560266511486 65.84363631218949 55.981775819983206 66.44576432967898 93.73835798485308 127.70094491116282 155.2525866667587 167.11722441748665 161.10855776055752 140.02366935743288 109.51871625677191 78.52221217910211 57.940986645389486 55.65327407306661 71.90372051250652 99.12386042002414 125.95174655493449 142.4811103851592 143.5630965541003 129.25806081332658 104.09534634793668 76.01670923924658 53.93982656787095 44.6340207802737 51.405215712398466 74.00029378570197 107.45879943429988 141.63308195248783 164.50246423892395 168.2302969686179 153.6039213965781 129.66184517623785
39.881734590276686 37.95592891196701 37.17166177514006 43.42955686874272 62.727976708424116 95.83074324027045 135.2087638179659 168.68724090221122 186.28016939564944 183.56160202415737 161.45526878497475 126.23797397036235 88.94410345889713 61.54392345586521 52.28171322613841 63.73539149313896 92.41781731193242 128.520028393482 158.69111387022107 172.2960580437196 165.73995260292102 141.9384740001175 108.32689969294789 75.76894650261761 55.9889067796468 56.56932280103383 76.77677444951632 107.57291642641619 136.08264037836187 151.68097201684205 149.74683871128389 131.74604162715474 103.67980408569115 74.3362257462231 52.69128613142697 45.10562225380227 54.20082855794624 78.64594622907399 112.32141297120208 144.85189023404297 165.38025735957353 167.44432857301064 151.69356502405532 125.40293718523372
27.686733505465828 28.490857793387 31.367245988813817 40.18921702508305 60.12575442727878 92.37542843410912 130.26070803372295 162.14694924508018 178.18909835310149 174.07860510036895 151.1407213108259 116.14826593776853 80.16157145538423 54.39480346070502 45.9610231605943 56.817823506595914 84.03218192919483 119.23295841472583 150.0115868264699 165.0522223793527 159.19976089609068 134.8746449425235 100.70140883871383 68.93176959911459 51.38050080003052 54.58443960078027 76.63230580971813 107.78936288113496 135.15867946915185 148.7118415083276 144.6717182029355 125.19082282193875 96.66763695996609 67.95520041702721 47.73283563249332 41.779854230461936 51.83346168888369 75.40781394878499 105.67668911302958 133.086330219071 149.06567675910355 149.2117920891009 134.26377303182895 109.57265352393921
22.300662844736184 24.15006742755348 28.031206204650925 36.4831560320009 53.99788007861072 82.14312084791914 115.41837686267715 143.4629526662685 157.2208155975976 152.74273236171484 131.5570234279781 100.25504249516206 68.88108680642135 46.91738757017775 39.788188284769724 48.6869622375297 71.44817677620193 101.84663529499295 129.66809833933436 144.3088084521394 139.85409193957184 117.90034366923467 86.91136680347724 58.8604613137844 44.44376367396341 48.81324000980678 69.48068296583979 97.358038004769 121.05814218807082 132.13348679787777 127.67189772767229 109.69829537736123 83.8335163270689 58.004891968963406 40.11401453482343 35.3007574452749 44.53790394358584 64.50638857006521 88.36702448786141 108.25626214220361 118.47739276546544 116.91254234614317 104.57110178909696 85.04687203358876
23.026011346679923 24.618463420062582 27.347061766438156 32.88125195277351 45.184492100976314 66.21868657591358 91.99497905631893 114.12480539608109 125.01236391622763 121.32020511773638 104.46337404427828 80.04829125462706 56.16480932727963 39.93721969529111 34.88960773447872 41.36402330903452 57.82115226937581 80.2951151958535 101.63128512415031 113.5064619877418 110.60384299683707 93.71463225791383 69.606020112262 47.912192983809135 36.948731976164375 40.53813939413569 56.65407426098338 78.22816001321257 96.46545013827276 104.94084019238758 101.47199504378509 87.46077476960514 67.00785247867975 46.313756520059016 31.957944301945524 28.293009842017817 35.713424453192815 50.55852843952928 66.68131394734803 78.4532247127 83.12227545302609 80.62299871483495 72.12344453337013 59.58071655937662
29.08310579498845 29.692320407077755 29.97401229618736 31.012924408619902 36.53079751622678 49.06616762290808 66.25586330362482 81.81253360012836 89.73093029184285 87.31073445589828 75.67106865128873 59.07283479870641 43.34217766513748 33.242302420665915 30.6523173819032 35.19303236790799 45.654061273312806 59.83083638025806 73.59284933426437 81.6750494187049 80.38054788258799 69.92246588477819 54.456341634197244 40.006118677629765 31.931601387464106 33.143277212715866 43.010370927896766 57.27096960574908 69.94760402328967 76.35222116778431 74.65098298558343 65.45661682489799 51.317590485554774 36.62351629424204 26.496570740138743 24.405546840372477 30.191723523115574 40.083615865058164 48.98764851206732 53.67826150075341 54.08984348758442 51.67309900384576 47.303709398596325 41.214083282286396
39.015377284897255 38.608250018596685 36.303664401752194 32.76556970566713 31.94013107722818 37.28382578141319 47.81740470725368 58.59213533963745 64.41404010899903 62.856267153180795 54.853661714561426 43.744362249503325 33.67867478157311 27.74065641283449 26.838291703255866 30.293624507467868 37.06800179867523 45.88110391594943 54.54530505168282 60.20477747645436 60.75962535588114 56.05729178378765 47.812173080706316 38.75765233455212 31.94968919311369 30.141568429733592 34.51962325863445 43.428701186928656 52.913195893660905 59.011410330464706 59.55301600667866 54.32687306581728 44.86351472433638 34.51186720346923 27.572420776413303 26.86519318754775 31.527863999762445 37.44126112174775 40.46003216696215 39.64939088668001 37.262889606326084 35.65839999694222 34.85073744435746 33.18184735594835
49.05528624687166 48.26532301020283 44.48972188994648 38.02694701480924 33.464325009105856 35.465365773621386 43.89509267982529 53.764018332989316 59.27271596659004 57.65008960310395 50.04227671682156 39.936306088382615 31.04982112932077 25.834591761683146 24.99732681715305 28.097378066970712 34.35636626775899 42.62240270996948 50.98678036556582 57.233193680797285 59.82683739225039 58.28916129538352 52.96416410694139 45.09370354437468 37.23140278539846 32.92970636581464 34.9398179091347 43.008852573552 53.62083808526266 62.17812189434825 65.43025948596316 62.34386113834822 54.13671303936539 44.313952242793775 37.54203410425214 36.58693432848723 39.753237588283966 42.14982340475554 40.25390582413777 35.121356291634996 30.835895782403377 30.08918262748618 31.70524473144991 32.262706108519986
54.01333904444754 53.75275553300692 50.36025838666254 43.81166316893934 39.41629159529012 42.971007297734126 54.525215921792366 67.74257031034982 74.89342437635617 72.3046154407188 61.83325489260406 48.36208843382957 36.532405015118755 29.099284400333218 27.05300337687688 30.523998056773483 39.1449783787041 51.34066115002886 63.98007651225058 73.60216010898682 77.90533639042027 75.99485495863809 68.2188436720125 56.706645832732825 45.700553226295426 40.3603888770899 44.1504875015898 56.42480998116808 72.38830145599391 85.78102275734062 91.93197789783372 89.07523840400114 78.60244437301802 65.10870643687667 54.6962808653898 50.76182350247544 50.942023038655336 49.4919816575546 43.27463104292562 34.758170639637214 29.018791042753556 28.52426843080812 31.066571535579406 32.174208588440116
51.21320165285513 52.111048497416775 50.67860653305135 46.69463100691226 45.90498098082549 54.76907148200826 73.00208054050387 92.30310818642636 102.39132130289175 98.38148225519821 83.13287148591519 63.79127592891892 46.901822702952316 36.08128524990441 32.7015099383865 37.456569015385 50.376895104411915 69.1391850949237 88.55156625205306 102.7888135365901 107.91475327214357 102.58862257523808 88.2780033333724 69.86624429872037 54.83864888642316 50.21076389634566 58.997659035331964 78.47552580545802 101.49476749932056 120.0655565258152 128.50696858035312 124.55830926878531 109.81574548017045 90.10260318364871 73.29449425683009 63.89713560850529 59.50931610506213 54.09741134132422 44.82367558299207 34.57092782754516 28.136266058616766 27.224046186458125 29.165676278444785 29.57251835941434
