Bitmap Example/raster_gaussian05.asc
ncols 49
nrows 49
xllcorner 50
yllcorner 50
cellsize 1
nodata_value -9999
[rows 0 to 19 of 49, columns 0 to 44 of 49]
254.98562152974716 252.03595125254236 230.6244432181838 227.6675748286929 203.41937337246728 24.301126336390205 0.06726784177864387 0.06008748381192435 0.06008748381192435 0.0071981122861009455 0.0071981122861009455 0.06008748381192435 0.06008748381192435 0.007180357966719508 0.06730335041740675 27.20503433707776 224.82373655749788 209.22724263680053 72.91772197078467 230.69169330564304 254.93273215822134 254.9999822456806 255.0 255.0 254.9999822456806 254.98565703838594 252.04311385618968 230.6773680983484 227.67473743234024 203.41939112678668 24.30110858207082 0.0672855960980253 2.9039257550069384 21.45727031087581 2.9111061129736577 2.9111416216124204 24.30110858207082 24.30110858207082 2.9039435093263193 0.007180357966719508 0.0 0.0 0.0 0.0672855960980253 27.20503433707776
252.03595125254236 209.28736562925124 48.6237582380418 27.257976971561728 24.308288940037542 2.9111061129736577 2.9039435093263197 24.241021098258898 24.241021098258898 2.903925755006938 2.903925755006938 24.241021098258898 24.241021098258898 2.8967631513596 0.07443044542598193 27.14496460758522 203.47229825263187 69.95365546900766 185.0463267766729 227.73484267047158 252.02877089457564 254.9255518002546 254.93271440390197 254.93271440390197 254.9255518002546 251.99018897602508 212.1697858189968 69.97516103426905 30.147577519273987 24.31546929800426 2.9111061129736573 0.12019272194323015 24.248183701906235 179.11828254471584 24.293945978423483 21.464432914523147 179.11826479039644 179.11826479039644 21.40434543071122 0.05292488016458628 0.0 0.0 1.7754319381437638e-05 0.07444819974536337 27.205052091397143
230.62444321818379 48.6237582380418 3.024153985588931 0.07443044542598193 0.06010523813130579 0.06010523813130579 21.404363185030604 179.11826479039644 179.11826479039644 21.457270310875806 21.457270310875806 179.11826479039644 179.11826479039644 21.40434543071122 0.11303011829589207 24.248201456225615 179.18553263217512 27.205052091397143 24.42848166198077 48.60941527642774 206.38342211992494 227.73484267047155 227.78776755063615 227.78776755063615 227.73484267047155 206.42918439644217 67.07123527926211 160.783817867472 21.425850995972617 0.1202104762626116 2.9039435093263193 21.464450668842527 27.137784249618498 179.12544514836318 24.248183701906235 2.9568506351715245 24.241021098258898 24.241021098258898 2.8967631513596 0.00716260364733807 0.0 0.0 0.007180357966719508 2.964048747457625 48.54932779261582
227.7276623125048 27.265157329528446 0.07444819974536337 1.7754319381437638e-05 0.0 0.00716260364733807 2.8967631513596 24.241021098258898 24.241021098258898 2.903925755006938 2.903925755006938 24.241021098258898 24.241021098258898 2.8967631513596 0.014342961614057579 2.8967631513596 21.41152578867794 5.793544057038582 21.425868750291997 5.853631540850506 24.322631901651597 27.205069845716523 27.21223244936386 27.21223244936386 27.205069845716523 24.322614147332217 5.846468937203167 21.365763512160694 2.8896183020316433 0.06725008745926243 24.241021098258898 179.12544514836318 27.137784249618498 21.464432914523144 2.8967809056789813 0.014360715933439017 0.06008748381192435 0.06008748381192435 0.007180357966719508 1.7754319381437638e-05 0.0 0.0 0.06008748381192436 24.308306694356922 206.27039200162903
227.72048195453812 27.21223244936386 0.0672855960980253 0.0 1.7754319381437638e-05 0.007180357966719508 0.060122992450687224 0.07443044542598193 0.12019272194323014 0.06730335041740673 0.02154107390015852 0.11304787261527352 0.0744126911066005 0.060122992450687224 0.0071981122861009455 0.007180357966719508 0.10586751464855401 21.36574575784131 157.81982238297255 21.372943870127415 0.17313535642719788 0.1273553255905682 0.07446595406474481 0.06732110473678818 0.07443044542598193 0.11306562693465495 0.028668168908733718 0.10588526896793544 0.01432520729467614 0.06014074677006868 24.248183701906235 179.17120742488044 24.255346305553577 0.11304787261527352 0.01432520729467614 0.05294263448396772 0.007180357966719508 0.007180357966719508 0.05294263448396772 0.014342961614057579 0.060122992450687224 0.06725008745926242 0.12019272194323015 24.315487052323643 206.32333463611297
227.7276623125048 27.265157329528446 0.07444819974536337 1.7754319381437638e-05 0.007180357966719508 2.8967631513596 21.41152578867794 5.800706660685919 24.308288940037542 24.308288940037542 5.800706660685919 21.41868839232528 5.786363699071861 21.358600908513356 2.889600547712262 0.007180357966719508 0.02150556526139565 5.839288579236448 42.77010894287191 8.690324962717563 24.31546929800426 24.30827118571816 2.956868389490906 0.02150556526139565 2.8896183020316433 21.358600908513356 5.786363699071861 21.41152578867794 2.903925755006938 0.07446595406474481 5.800706660685919 42.81587121938916 5.846451182883786 0.028685923228115154 2.8896183020316433 21.351420550546635 2.8967631513596 2.8967631513596 21.358600908513356 5.793544057038581 24.31545154368488 27.19787173343042 24.31546929800426 5.8679745024645635 48.616577880075084
230.6172451058977 48.563652999910495 2.956886143810287 0.00716260364733807 0.0601052381313058 24.248201456225615 179.23845751233972 48.60939752210836 203.48665896856534 203.48665896856534 48.60939752210836 179.2913823925043 45.59962200677225 157.82694947798112 21.351420550546635 0.06010523813130579 2.956886143810287 45.65970949058418 182.18812778954447 48.616577880075084 203.44091444636746 206.30899167449894 45.71261661642938 3.009793269655492 21.358600908513356 157.82693172366172 45.592441648805526 179.17837002852778 27.13780200393788 21.531700756301788 27.205052091397143 182.08229578353473 45.65254688693683 3.009793269655492 21.358600908513356 157.7668442398498 21.40434543071122 21.404363185030604 157.83411208162846 45.71263437074876 203.53954834009116 227.66041222504558 203.4265714847534 24.368394178168845 24.42846390766139
249.0647399014374 184.97189633124694 21.41868839232528 0.05292488016458628 0.06726784177864387 27.14496460758522 203.4866412142459 75.74718177172686 230.63160582183113 230.63160582183113 75.74718177172686 203.49380381789325 30.03458290961686 21.425850995972617 2.942525427876848 0.07443044542598194 24.31546929800426 206.31615427814629 227.72764455818543 72.91050610417918 209.27302266763718 248.96607049907493 206.36189880034414 24.322596393012837 2.949705785843568 21.411508034358558 27.130639400290537 179.19269523582244 48.54931003829644 182.19530814751124 69.96083582697437 206.37624176195823 203.42655373043402 24.31545154368488 2.949705785843568 21.351420550546635 2.8967631513596 2.9039435093263197 24.31545154368488 51.49899806982062 230.62442546386438 251.91577628491848 206.38340436560554 24.375574536135566 3.0313165892362695
206.31615427814629 45.66687209423152 3.002630666008154 0.01432520729467614 0.06730335041740675 27.205052091397143 224.89098664495714 233.52120636954342 252.04313161050908 252.08889388702636 233.52835121887136 224.8910221535959 27.219377298691818 3.0098110239748737 21.358583154193973 2.956886143810287 27.21223244936386 227.72766231250483 251.96870116508308 209.34745311306318 70.09535375621229 209.32592979348237 224.78515463894735 27.19792499638857 0.07443044542598194 0.06012299245068723 2.9182687166209957 24.421319058333435 51.50614291914858 227.68193554462633 212.1168609388322 94.2018391709139 206.36906140399145 27.152162719871317 0.08159304907332 0.10584976032917257 0.014360715933439017 0.07446595406474482 24.421319058333435 206.3977473272196 251.98306188101654 233.58129385335533 72.9176864621459 27.272337687495167 5.822229980266696
24.31545154368488 5.846468937203167 21.365763512160694 2.8896183020316433 0.07444819974536337 27.21221469504448 227.77344234334146 251.9901889760251 233.64139909148662 252.10320134000162 254.86546431644268 227.7276800668242 27.257976971561728 21.41868839232528 157.7668442398498 21.41870614664466 27.265157329528446 227.78774979631675 254.86546431644268 230.6531291414119 54.52313430109017 72.91766870782652 206.32333463611295 27.152144965551937 0.06726784177864387 0.007198112286100946 2.9640309931382443 45.77273960888007 209.28016751696515 249.13206100617418 227.80925536157815 209.32594754780177 221.9484612170803 27.197907242069185 2.956868389490906 21.351420550546635 2.8967809056789813 2.971193596785582 48.60941527642774 230.63160582183113 254.925569554574 252.10320134000162 230.68453070199573 203.54674645237725 45.712669879387526
0.11301236397651064 21.358600908513353 157.76686199416918 21.351420550546635 0.1202104762626116 27.21223244936386 227.73484267047155 233.58129385335533 97.23315576015017 233.64139909148665 251.98302637237776 206.38342211992494 24.322631901651597 2.949705785843568 21.351420550546635 2.956868389490906 27.21223244936386 227.73484267047155 254.9183714422879 252.09605649067367 230.69887366360982 227.78776755063615 203.48664121424596 24.308306694356922 0.0601052381313058 0.0601052381313058 24.315433789365496 206.36909691263025 251.87717661204857 233.574131249708 75.8673567393507 72.86476158198131 184.97191408556637 24.31545154368488 21.41152578867794 157.7668442398498 21.41152578867794 24.368376423849465 206.3762595162776 251.98302637237776 254.98562152974716 254.98563928406656 254.81970203992543 227.7276800668242 30.10179748843736
0.007180357966719508 2.8967631513596 21.40434543071122 2.8967631513596 0.07446595406474481 27.21223244936386 227.78060494698877 252.0431138561897 233.64857944945336 252.0503119684758 230.68453070199573 48.669502760239666 2.971229105424345 0.014360715933439017 0.05292488016458628 0.06726784177864387 24.315487052323643 206.38342211992494 252.03593349822296 254.98563928406654 254.87980727805675 230.62444321818379 48.60939752210837 2.964030993138244 0.007180357966719508 0.06726784177864387 27.197907242069185 224.8452421227593 233.56695089174127 249.2064559429614 230.63880393411725 206.44350960373683 45.77272185456069 2.9712113511049636 2.896798659998363 21.351420550546635 2.956868389490906 27.205052091397143 224.83806176479254 233.51402601157668 252.03595125254236 252.03595125254236 233.51402601157668 224.83807951911194 27.205069845716523
0.007180357966719508 2.8967631513596 21.40434543071122 2.8967631513596 0.07444819974536337 27.205052091397143 227.72764455818543 254.85828395847597 254.87978952373737 254.86546431644268 230.624407709545 48.60939752210837 2.964048747457625 0.014342961614057579 0.05292488016458628 0.014342961614057579 2.964048747457625 48.60939752210837 230.62442546386438 254.87262692009006 254.86546431644268 227.73482491615215 27.257976971561728 0.07443044542598194 1.7754319381437638e-05 0.06726784177864387 27.152127211232557 206.37624176195817 97.09142196430678 230.68451294767635 233.40819400556688 227.6747374323402 48.595054560494304 2.964030993138244 0.014342961614057579 0.05292488016458628 0.07443044542598194 27.1449823619046 203.4794786105986 72.85041862036726 206.39058472357226 206.38342211992494 69.960818072655 182.12805806005198 24.255381814192337
0.05292488016458628 21.351420550546635 157.7668442398498 21.351420550546635 0.11303011829589207 24.308288940037542 203.47947861059862 227.72766231250483 227.78776755063615 227.78058719266943 224.83089916114525 182.07513317988736 21.41868839232528 2.942525427876848 21.351438304866015 2.8967809056789813 0.12735532559056822 24.36837642384947 203.48665896856534 227.72768006682423 227.72766231250483 203.47947861059862 24.308288940037542 0.0601052381313058 0.0 0.0601052381313058 24.301126336390205 200.58987806288636 206.32331688179357 203.54674645237725 70.00658034917225 203.47947861059862 182.02220829972276 21.41152578867794 0.05292488016458628 0.0 0.0601052381313058 24.248201456225615 179.18553263217512 27.205052091397143 24.368394178168845 24.31546929800426 5.853631540850506 21.41868839232528 2.9039435093263193
0.014342961614057579 2.942525427876848 21.358583154193973 2.8896183020316433 0.014342961614057579 2.9039435093263193 24.308288940037542 27.205052091397143 27.21223244936386 27.21221469504448 27.197889487749805 24.255364059872957 2.949705785843568 21.358583154193973 157.77400684349715 24.241021098258898 21.41152578867794 5.793544057038581 24.31545154368488 27.205052091397143 27.205052091397143 24.308306694356922 2.9111061129736573 0.06010523813130579 0.00716260364733807 0.0071981122861009455 2.903925755006938 24.301126336390205 27.144964607585216 24.31546929800426 5.860776390178462 24.308288940037542 24.248201456225615 2.8967809056789813 0.00716260364733807 0.0 0.007198112286100946 2.9039257550069384 21.45728806519519 2.9111061129736577 0.0672855960980253 0.06010523813130579 0.014342961614057579 0.05294263448396772 0.06008748381192435
2.9039790179650824 21.418670638005896 3.0026129116887725 0.02150556526139565 5.326295814431291e-05 0.007180357966719508 0.06010523813130579 0.06726784177864387 0.0672855960980253 0.0672855960980253 0.06726784177864387 0.06010523813130579 0.014342961614057579 2.8896183020316433 21.40434543071122 24.241021098258898 157.77402459781652 21.358600908513353 0.11303011829589209 0.06726784177864387 0.06726784177864387 0.06726784177864387 2.8967986599983626 21.358600908513353 2.942525427876848 0.014342961614057579 0.0071981122861009455 0.06010523813130579 0.06725008745926242 0.060122992450687224 0.014360715933439017 0.06010523813130579 0.06008748381192435 0.007180357966719508 1.7754319381437638e-05 1.7754319381437638e-05 0.014342961614057579 2.949688031524186 21.411508034358558 2.8967809056789813 0.0071981122861009455 0.007180357966719508 0.06010523813130579 0.06725008745926242 0.06726784177864387
24.308288940037542 182.01502794175607 45.645366528970115 2.9568506351715245 0.007180357966719508 1.7754319381437638e-05 0.007180357966719508 0.06010523813130579 0.06725008745926242 0.060122992450687224 0.014342961614057579 0.05294263448396772 0.007180357966719508 0.007180357966719508 0.06008748381192435 2.8967631513596 21.3514560591854 2.8967809056789813 0.06725008745926242 0.06010523813130579 0.014360715933439017 0.11303011829589209 21.418670638005896 160.66362514552878 42.70285885541265 2.942525427876848 0.007180357966719508 0.007180357966719508 0.06010523813130579 0.06726784177864387 0.0672855960980253 0.0672855960980253 0.06726784177864387 0.06010523813130579 0.0071981122861009455 0.014360715933439017 3.0026129116887725 42.7629285849052 160.66362514552878 21.358600908513356 0.06008748381192436 2.8967631513596 24.248183701906235 27.13062164597116 24.24820145622562
24.361213820202128 203.3664484923027 203.41221076881996 24.30827118571816 0.06012299245068724 0.014342961614057579 2.956868389490906 24.31545154368488 27.1978894877498 24.31546929800426 5.800706660685919 21.41152578867794 2.8967809056789813 0.014342961614057579 0.05294263448396772 0.01432520729467614 0.06012299245068723 2.911088358654276 24.293981487062247 24.262526663520294 5.853649295169887 24.322596393012834 27.24365176426705 45.60678461041959 160.66362514552878 21.358583154193973 0.06010523813130579 2.9039435093263193 24.308288940037542 27.205052091397143 27.21223244936386 27.21221469504448 27.197889487749805 24.255364059872957 2.903961263645701 2.9640132388188625 45.65252913261746 184.90462848946834 45.59962200677225 2.9496880315241865 0.06008748381192436 21.40434543071122 179.17118967056103 200.46968534094307 179.17118967056103
2.971193596785582 48.53496707668238 203.36644849230268 27.13780200393788 0.0744126911066005 2.949705785843568 45.65970949058418 206.36907915831088 227.6747196780209 203.53956609441053 48.54931003829644 179.17837002852778 24.248183701906235 2.9496880315241865 21.351420550546635 2.8896183020316433 0.07443044542598194 24.35405121655479 200.5441157863691 185.0248389657309 67.13130500875465 206.3619343089829 203.38795405756412 27.24365176426705 21.418670638005896 2.8896360563510246 0.07443044542598194 24.361213820202128 203.48664121424596 227.72768006682423 227.78776755063615 227.78060494698883 224.8380617647926 182.12805806005196 21.478793630456583 24.361213820202128 203.41222852313933 203.37361109595005 24.35405121655479 0.06725008745926243 0.007180357966719508 2.8967631513596 24.248183701906235 27.13062164597116 24.248183701906235
0.06728559609802531 24.30110858207082 179.1783522742084 24.248201456225615 0.11303011829589207 21.41868839232528 184.97189633124694 249.07908286305144 254.85112135482865 227.79491239996406 51.49899806982063 179.19271299014184 24.301126336390205 21.464432914523147 157.77400684349715 21.358618662832736 3.0169558733028303 48.55647264194378 209.26584230967043 94.21618213252795 212.22271069916135 249.03332058653422 206.36909691263025 24.32261414733222 0.11304787261527352 0.02150556526139565 3.0169736276222117 48.61654237143632 230.61728061453647 254.81970203992546 254.9255518002546 254.87975401509863 233.5068634079293 69.9078931924904 5.91371902466243 27.152127211232553 203.36644849230268 48.53496707668238 2.9640132388188625 0.007180357966719508 1.7754319381437638e-05 0.007180357966719508 0.06010523813130579 0.06725008745926242 0.06010523813130579
