Bitmap Example/raster_gaussian2.asc
ncols 49
nrows 49
xllcorner 50
yllcorner 50
cellsize 1
nodata_value -9999
[rows 19 to 37 of 49, columns 0 to 43 of 49]
43.14714832250401 45.34324625001953 46.49736984441794 46.28055347131264 50.44503994227138 65.59691093693489 91.0008126356838 116.63788874199098 129.8880997555994 124.58105744970972 104.4161879148283 78.91196315460161 56.86857816157999 42.9804486246482 38.918361587211585 45.721821025065765 63.61925970785506 89.40723622480951 115.75323076207647 134.3521420998528 139.4956164054521 129.49053084542044 107.42912218952792 81.61684476546645 63.10391442819488 60.37821045134382 75.02196589368187 101.32231097990942 129.737708192841 151.46006283711102 160.83490094325597 155.45161093327027 136.70509694653674 110.92634922962952 87.22815998476905 71.3916389304359 61.99003397678845 53.76219902788473 44.10995531937562 35.01616623300635 29.55342325358116 28.20044283623662 28.45216620631375 27.02187214811169
35.36202713243388 38.80830586497731 42.45598459422545 45.68719882741489 53.88833325310078 73.58452295661431 103.88784947061747 133.8706534445752 149.37673845406397 143.1346377407038 119.17821779957292 88.74545963007526 62.579470291949775 46.437650208728144 42.24300442426776 51.139612988078056 73.3085801944581 104.78266774039847 136.64107139076302 158.7205606117475 163.88345330442218 150.11740763104984 121.90248497655 90.42762501992898 69.59642992311886 68.76485821234186 87.77842395857647 118.06907870408489 148.42410081281162 170.38948047789245 179.3888479642784 173.20816697624775 152.5139341564111 123.01868651567071 94.03284930532216 72.53272788872545 59.11370412070251 50.382968959245744 43.874141434826264 39.4349337318274 37.222454891925494 36.15479410864932 34.24643560510707 29.830107968731525
31.546885413642855 36.28993078814884 42.20481460539946 47.97507210382527 58.34127671810323 79.71943393268714 111.44341001402604 142.561228453666 158.47816750013817 151.39597205086667 125.24368231117556 91.89476204095084 63.171296945037454 45.65283973702033 41.520817501722796 51.836922041163064 76.55733499529833 111.31170810499214 146.52014278146416 171.11155647060951 176.99556311283413 161.68626143360638 130.2754377050181 95.62982301540598 73.40799298653754 73.45362674554238 94.35146156920096 125.58159647071284 155.08803623203704 175.37835432811494 183.43514934972188 177.51976009322024 157.31933006310194 127.04318805021265 95.24051984805311 69.87550445582731 54.206195005369864 47.346955886668 46.837713225514634 49.693940428270025 52.58465844118157 52.71062003354352 48.63254261039577 40.315168774403816
30.70958893141624 36.672072247252714 44.541595936097934 52.10583124280799 63.26750647674612 84.16392366832198 114.42202453777641 143.7007187934095 158.0844471654807 150.12496460236824 123.5083214090767 89.65066271396348 60.33450028191328 42.53557599390421 38.70112490728349 49.706645194365166 75.18966434155521 110.77092156019333 147.0913914634848 173.05967659971486 180.1083546522553 165.14755527825298 133.10597664425063 97.35066746121262 74.31781174109659 74.19882216943115 95.09807799634902 125.57823118679244 153.23202832405184 171.40049169398299 178.47854953157085 173.39772390420498 155.04882501079663 125.90813816535298 93.32419403641701 66.0040427292852 49.79881756655557 46.20739321083964 52.65549938670017 63.4162493346024 71.91735856720507 73.75574707223899 67.85118646157545 55.47330948592441
28.979084666615634 35.54627583513934 44.55002405437756 53.30785439315787 64.89144049061039 84.76904181134125 112.58417964730879 138.89057937044257 151.19729013089562 143.03683513574316 117.79088851625934 85.6451836103083 57.50442085250652 40.42928103935862 37.21123983726861 48.5751502356245 73.81773376999098 108.71487398031267 144.5169198115906 170.5949957704356 178.34376272906542 164.25599173236392 132.80707153867507 97.16243330613574 73.86351555675509 73.31029440500515 93.61934042059279 123.07636769733081 149.0638981340831 165.3118242001787 171.18377095778527 166.3643447128642 149.43781055300468 121.61578466304763 89.24110217414199 61.5054697448205 46.06410659857238 45.9366358221332 58.28721490772353 75.41827269902426 88.52457957883217 92.0472320280357 85.01291107614566 69.48025831134412
23.838080601576 29.94151331038561 38.74955077894446 48.04149479772654 60.384048127341096 80.2668885223992 106.9743402573962 131.85242858189378 143.81367163832405 137.1929405860794 114.7635828659639 85.22604382498093 58.556601566703634 42.08213361755809 39.20480556587629 50.690545731879794 75.54393319216712 109.56907564716147 144.39236063708614 169.76508162206324 177.31197754189364 163.55535036816616 132.73489214843144 97.63858276033247 74.56352229158179 73.91586166521063 93.90313575954096 122.73788746875451 147.57061997940832 162.1039377415322 166.16467009353337 160.12796537473838 142.855222748668 115.20499778158556 83.12518191994965 56.00907431916868 42.12539703715112 44.78085942031151 60.69407578642934 81.2661832925803 96.88188049537531 101.56405482263344 94.29353015566869 77.3770214567787
16.266688959461213 21.029214526701132 28.53267035059799 37.88558407073961 51.6886084371003 73.47514841605732 101.88956209496808 128.60576831796678 143.1996192733589 139.95115056724475 120.5617897311053 92.49612458120512 65.50889372308042 47.86233850393168 44.00166562685052 55.012328174602814 79.69113794366385 113.58128365284948 148.0957240631115 172.8820693673842 179.76041124852605 165.64329972445773 134.93411698451615 100.21112372220861 77.46302018740826 76.96835364589944 96.99179590436788 125.75631254426038 150.14498156952178 163.45137955557124 165.41863392600396 156.91016810677 137.52087351172418 108.63177191855542 76.41433084727734 50.22156354232805 37.88880318976737 41.94798690438395 58.50824920200068 79.02793881953562 94.4744377119417 99.34895757209742 92.67579105590585 76.59222952823418
9.109610361299119 12.369604857397057 18.360301552652768 27.834791992393804 43.84822053002935 69.21423279550336 101.77811006190832 132.97861869353315 152.22795313562472 152.98038935162938 135.5979680602728 106.74423228844007 76.75971838874536 55.523567132666756 48.94104533706583 58.6725640347927 83.34597492942414 117.95002111441107 153.176257689931 178.09204750721238 184.44610189432458 169.58159283951673 138.35835463685973 103.44744698996831 80.63766082772887 80.07044084288451 100.17012856623381 129.39664214842193 154.40291671501143 167.69858504158174 168.395292563223 157.55287675642128 135.6192917463691 104.85039124579741 71.90708340048779 46.02087714055302 34.16198816149965 37.6170122479412 51.843301865567 68.98551287087602 81.61462017339399 85.54364387412664 80.13297468772035 67.08722417823344
4.322853003199558 6.540776950129983 11.594495688008632 21.586736473174994 40.06022203318135 69.29661749926537 106.35399130372502 142.2250791555939 165.91455919715077 169.93003975931572 153.35469881189937 122.26286401093647 87.81697058839637 61.69003226082726 51.401629894833135 59.29383053987454 83.79050185595692 119.21827603647313 155.50092349825584 181.02432367307966 187.17454309930247 171.48005988949836 139.34277036983195 103.7706064797517 80.42700377264018 79.29503432463582 99.14323701331361 129.0464657346341 155.6332442244394 170.44438546161484 171.5930857042408 160.04949066870984 136.87411642967 104.90046101217465 71.05140023215742 44.4552017726787 31.42750255244341 32.22830128010343 41.86405410760596 53.467751195474385 61.646340156865044 63.950785921139534 60.29236230884037 51.77458035128597
2.0398318704438387 3.8378744932772237 8.673966827232483 19.34307480645231 39.516531429376236 70.9967389858806 110.35654944414304 148.5532664876608 174.6533027661718 180.65612821154895 164.6027007512336 131.8556919115056 93.94015992122219 63.789222684850905 50.17826927990747 55.952253475465184 79.32370750357953 114.28841293788147 150.61947058689603 176.42147898006937 182.57158444883237 166.42190732653557 133.77687116514144 97.95108945308921 74.27481059074358 72.32186897651731 91.25306176285525 121.16063360543927 149.14086852926653 166.06177769097206 169.06789564041654 158.87205544651675 136.75953102433533 105.5100675018935 71.69991900557318 44.19383689714918 29.054387496022546 26.17010978446605 30.591611934809386 36.54978308166382 40.498445307957894 41.503761408621756 39.89326719467272 36.04534650275767
1.4205165616846787 3.2540747636041516 8.29445864144857 19.29317717210304 39.48857022682985 70.17985496784743 108.01425824230823 144.78703620662793 170.49109413693049 177.28655151890717 162.49028736109827 130.50305679798487 92.34511307578995 61.06161484036903 45.72441705959637 49.18581369546436 69.57534511419655 101.37337374636353 135.35494148029295 160.16618976160703 166.33878566321266 150.79141556429326 119.35453914714418 85.14741833821559 62.518195524287734 60.061209777579904 77.13170877191865 105.17338766707766 132.5570211400267 150.37479921386515 155.3059092529615 147.7888458822587 128.98251080805653 101.04288221614775 69.50368675269104 42.48589197345786 25.90866524406541 19.936342792446048 20.29850364050742 22.37428063363044 23.908688527316933 24.797491903392427 25.354834957738802 25.143520417943726
1.5986218265548002 3.6764872909064996 8.986560529313762 19.64295161240321 37.92995012772967 64.59154464808002 96.90115109612317 128.38895525646276 150.87637468682246 157.42984810640877 145.07482851153483 117.05615019685384 82.90709126554219 54.35135491583871 39.51163934709303 40.664745181440495 56.079071740579785 81.59650609006586 110.14694064996382 131.94983080673387 137.84060793464573 124.38450230240716 96.87471738331823 67.24399322572023 47.866126105106744 45.660462311175046 59.87922439939986 83.55869851932057 107.24072303592212 123.44107838493147 129.15781226628752 124.62985358289642 110.61200303399264 88.3074137437719 61.72671083281331 37.65633725257379 21.609852832713166 14.340404872237201 12.72836548828811 13.301841088653793 14.534562774634786 16.484277934284748 19.07943088021205 21.088773349123887
1.9527854400275162 4.234813801252534 9.564653357205204 19.13917509650082 34.048073482289624 54.45557017938675 78.53090477877522 102.0451422870251 119.30350617170416 124.96623015435554 116.20869176884757 94.94482819697156 68.33917226751555 45.61618873827569 33.09664122500786 32.251396459722535 41.695957022236584 58.97992115335796 79.67916842757907 96.43770248564644 101.41921221844666 91.30410985050051 70.29857492119521 48.01417809180794 33.913313695887474 32.77704907581951 43.59363051483027 61.099066755984296 78.55561001718173 90.78163386730921 95.78018522147661 93.74599684946617 84.90591533572584 69.42731754493629 49.632928253986805 30.57963313853545 17.032500081931875 10.331144587904992 8.632408202440033 9.465436175949616 11.594035655303818 14.870358607128868 18.821172156487773 21.735488868514004
2.0687371434170694 4.302242417027864 9.172581461020322 17.076741197579143 28.088081622645397 41.86021990464792 57.34717863746695 72.46948996206626 84.19529968239763 89.1566860212311 84.88056974836559 71.69920565433358 53.84800676359118 37.642627292142265 27.690919985554174 25.08002431305844 28.951259865177562 38.1882588302665 50.56212858989579 61.36503298180686 64.95030478648826 58.72145061816271 45.56431866120626 32.10193812023631 24.473019073117413 25.26644435681118 33.18011049277734 44.48483294727936 55.030295954782034 62.062752008967905 64.94510013807418 64.16318396273961 59.609001176580165 50.52396001138897 37.569069269948805 23.979808336427798 13.6573720010173 8.452102497229466 7.638982624685761 9.405806008124372 12.415390896887398 16.177214949136054 20.140437883056173 22.789492642771368
1.7999151828752773 3.690594984317302 7.688474109870224 13.804084529239297 21.574932934342165 30.261076583673372 39.1628015641399 47.72784016026681 55.26715252277577 60.36108991321285 60.81509908816747 55.15443274099942 44.613212769713144 33.02364136670823 24.17606840851828 19.633499335680987 19.216346648334042 22.391829699520855 28.083108418934465 33.733325350656756 36.10324189868952 33.740232833756764 28.44560454293547 24.01640553849154 23.52354056876304 27.560432934201742 34.3994217001168 41.29093711692804 45.90650482481013 47.403597128605725 46.6027112640334 44.855942587722595 42.29129386798716 37.51259771903891 29.632666462359474 20.189959322212506 12.341678443551166 8.398498549119346 8.459382540391216 10.960207186960615 14.144632680126 17.145937542409605 19.732226764369944 21.34289029626168
1.3045735676710348 2.74251583656097 5.863964574234503 10.740142346241935 16.83151049737282 23.030276312373097 28.385551116702754 33.02701758171529 38.02410033297854 43.671703859864905 47.98860699893525 47.79635219683563 41.779717581309086 32.109422106736986 22.68296549514408 16.166512491691584 13.063944886848246 12.773027737515429 14.4135370846288 16.806185918356874 18.79033326430322 20.189891264026382 22.243072181635952 26.656585946081147 34.05803378007183 43.241840151958755 51.70421048557344 56.8546260966976 57.15323400955642 52.90125833452025 46.333402185430096 40.328540045684136 36.098619423370074 32.20101678160573 26.529381940720064 19.13743579000758 12.48699854098704 9.133299341254926 9.628702385278418 12.37323279733926 15.104154110523428 16.64684310283566 17.315694247472656 17.933401870077063
0.8824129752997629 2.006369643391176 4.668252117264657 9.237077254503667 15.279485774781737 21.226523661430186 25.40975052547281 27.97131725556241 31.154587035769545 36.67513501342448 42.88853111961927 45.5125068441532 41.5811894861378 32.36612889011165 22.157696627935696 14.585943770796602 10.53133921563328 8.975081889188667 8.819547266156263 9.775229494696921 12.344167634920828 17.55140715704292 26.495540612429146 39.53692194513501 55.50057701114428 71.57847972413798 84.16310103184995 90.08681526395658 87.67859784735518 77.60656985768863 63.23451229575049 49.34574692883141 39.11704580898273 32.064474573248944 25.622354012611442 18.624386897048076 12.564414631968136 9.683782783248702 10.53990292121358 13.385674070216721 15.597608040845664 15.85653480245715 15.065845389489144 15.423203548874163
0.7832569821969613 1.8638352636639355 4.620826446243726 9.677304725088566 16.591664052986207 23.235284443979214 27.15109879267903 28.28713281580552 29.616988251151934 33.85725292075469 39.795029961338315 42.86515297042774 39.568604937524256 30.890767811586596 21.223309583117352 14.370377145785774 11.008157669016564 9.59695043623215 8.927513777529567 9.551678891185103 13.351454124915463 22.281354374175017 37.36132142749889 58.09016945882911 82.14693308344152 105.55498453482178 123.59016722010817 132.1102748918899 128.70864730280672 113.72504761404917 91.0085034468243 67.00590755132609 47.37889386490754 33.766517696780966 24.272005452429404 16.9006823912575 11.74381330199061 9.998676950591863 11.769361684995054 15.12457636852954 17.275900905979398 16.93496305688572 15.56905514537009 16.501630433412032
1.310242478140542 2.632760764990361 5.985946445468811 12.019074954490533 19.979802937667685 27.11867438041243 30.493578969580323 30.135251503071938 29.542247057693757 31.905830777477806 36.25621898923978 38.29421541378765 34.92548029785186 27.36209793207939 19.727048572868817 15.132312759947386 13.469432291282757 12.732689835729264 11.97152827275076 12.73110748559356 17.97062525247462 30.035028135779374 49.58954102350679 75.63980765916206 105.58033245767442 135.0374996591889 158.45066633253094 170.5965120714776 168.07339642300235 150.4285176073867 121.19757167538899 87.66978506007871 57.82114383580671 36.15030166231206 22.490235672047092 14.562129758340898 10.835304847861515 10.921872162939097 14.142301121852206 18.412029434756207 21.00162732329149 20.836035393937692 19.888057758185752 22.216747141213343
