Bitmap Example/raster_gaussian05.asc
ncols 49
nrows 49
xllcorner 50
yllcorner 50
cellsize 1
nodata_value -9999
[rows 20 to 39 of 49, columns 0 to 44 of 49]
0.007198112286100946 2.9039257550069384 21.45727031087581 2.9039257550069384 0.014360715933439017 2.956886143810287 48.563652999910495 230.67736809834838 254.879771769418 230.69171105996244 51.51334103143468 24.375556781816183 5.800706660685919 24.24820145622562 24.241021098258898 2.9568506351715245 24.31546929800426 206.32333463611297 249.13917034686335 233.6342187335199 252.00454969195854 233.56696864606064 70.02090555646691 5.860811898817225 0.021523319580777085 2.949705785843568 45.666889848550895 209.26584230967046 249.14635070483013 233.58847421132208 252.1032368486404 254.97847668041922 249.14636845914947 185.0391641730256 21.53889886858789 24.308306694356926 179.17837002852778 24.301126336390205 0.07443044542598194 0.052960388803349155 0.01432520729467614 0.052960388803349155 0.01432520729467614 0.05294263448396772 0.00716260364733807
0.007198112286100946 2.9039435093263197 21.464432914523147 2.9568506351715245 0.014396224572201893 0.08162855771208288 27.318082209693035 227.8020927579308 254.925569554574 252.03596900686173 206.39058472357226 24.421319058333435 21.41870614664466 157.77402459781652 21.40434543071122 0.12017496762384872 24.308324448676306 206.33046173112155 252.01446344160036 254.8869521273847 254.978512189058 252.04307834755093 206.43634700008948 24.3226319016516 0.11304787261527352 21.418670638005896 184.964751481919 248.97325085704165 230.73027522419358 75.87453709731743 230.7060540215765 254.87262692009003 230.68453070199573 51.460416151270095 24.36841193248823 5.800688906366538 21.41152578867794 2.9039435093263193 2.903961263645701 21.41868839232528 5.846451182883786 21.425868750291997 5.793544057038582 21.41152578867794 2.8967631513596
0.06008748381192436 24.24820145622562 182.01502794175607 45.645366528970115 2.964030993138244 2.971229105424345 48.616577880075084 230.68451294767632 254.93269664958257 254.86546431644268 227.6747551866596 27.20505209139714 2.9568506351715245 21.351420550546635 2.889600547712262 0.014342961614057579 2.964048747457625 48.60939752210837 227.78776755063615 233.53554933115748 252.10320134000162 254.91120883864056 227.68191779030695 27.19790724206918 0.0744126911066005 2.949723540162949 45.67405245219824 209.26584230967043 227.79493015428346 72.93202942375996 209.39323314389978 251.93011924653257 227.84785503444803 51.55908555363255 179.19989334810856 24.248219210545 0.11301236397651064 0.06725008745926243 24.248219210545 182.075115425568 69.88638762722901 182.1352206636993 48.49638515813185 179.23127715437298 24.248183701906235
0.06008748381192436 24.30110858207082 203.35928588865536 203.35928588865536 24.361196065882748 24.368376423849465 206.3233168817936 251.9615208071164 252.02877089457564 230.62444321818384 203.49380381789328 24.361231574521508 0.07443044542598194 0.052960388803349155 0.01432520729467614 0.052978143122730595 0.08877340704003951 27.25801248020049 203.5610716596719 75.81448512214428 230.75181629809376 251.98302637237776 206.43634700008948 24.3226319016516 0.06014074677006868 0.021523319580777085 5.913736778981812 70.0137251985002 227.7348604247909 190.77980110421896 88.55002890971869 212.22269294484198 227.8020927579308 72.85043637468664 182.0823135378541 24.24820145622562 0.06008748381192436 0.0601052381313058 24.30827118571816 203.47231600695127 227.61463219420892 203.5395838487299 51.44605543533666 200.58271545923898 27.137784249618498
0.007180357966719508 2.9568506351715245 45.645366528970115 182.01502794175607 24.308288940037542 24.361231574521508 203.43373408840074 227.72768006682418 206.45067220738417 48.68382796753435 27.310919606045697 24.262544417839674 2.896798659998363 0.01432520729467614 2.889600547712262 21.358583154193973 5.846486691522549 48.510728119745906 206.43632924577008 75.8144496135055 230.6531291414119 233.51404376589605 70.02090555646691 5.860811898817225 0.014360715933439017 0.06012299245068724 24.3226319016516 206.37622400763883 227.78060494698877 72.82617966343079 188.03463223538643 94.21614662388919 230.61729836885584 209.1671551529886 45.71263437074876 2.9568506351715245 0.007180357966719508 0.014360715933439017 5.853631540850506 67.07123527926211 190.75826003031884 67.14568347900749 33.051503274280925 200.59705842085305 27.144964607585216
1.7754319381437638e-05 0.014342961614057579 2.949688031524186 21.411508034358558 2.903961263645701 2.9183042252597584 27.21223244936386 51.50617842778734 51.5205213894014 30.222025719019356 45.73413993601016 160.73089298730744 21.365799020799454 0.11303011829589209 21.40434543071122 157.82693172366174 42.770144451510674 185.0248212114115 246.23526234617583 230.69169330564307 230.7446536944464 249.14633295051073 206.42918439644217 24.322649655970984 0.06728559609802531 0.12019272194323015 27.21223244936386 227.66761033733167 227.79491239996406 54.5088090937955 222.03008977479237 209.32594754780175 224.89816700292386 203.4337340884007 24.35406897087417 0.06725008745926243 1.7754319381437638e-05 0.0601052381313058 24.262526663520294 185.01765860776425 91.25929598871767 187.97452699725514 72.75173146368543 203.47231600695125 27.144946853265836
0.0 1.7754319381437638e-05 0.00716260364733807 0.05292488016458628 0.0071981122861009455 0.07446595406474482 24.421319058333438 203.5538913017052 227.7877853049555 227.7491856320856 209.26586006398983 67.0640549212954 5.853631540850506 2.9111061129736577 24.241021098258898 24.24820145622562 5.860811898817225 48.62372272940304 230.62444321818379 233.53554933115745 97.22597540218345 233.5741134953886 227.68191779030695 27.21223244936386 2.956868389490906 21.41870614664466 30.10183299707612 227.73482491615215 230.68451294767632 75.76870509130764 209.28738338357059 75.70145500384837 51.56624815727989 27.26513957520907 2.9182864709403775 0.007198112286100946 1.7754319381437638e-05 0.06725008745926243 24.346888612907453 200.5440980320497 206.35475395101616 221.9484612170803 206.3089916744989 200.582715459239 24.308271185718162
0.0 0.0 0.0 0.0 0.007180357966719508 2.964030993138244 48.60939752210837 230.62442546386438 254.87262692009006 254.925569554574 251.98300861805836 206.42916664212277 24.375539027496806 21.411561297316705 157.77400684349715 21.41154354299732 3.031298834916888 48.66952051455905 230.68453070199573 252.0503119684758 233.64857944945336 252.0431138561897 227.78060494698877 27.265157329528446 21.41870614664466 157.83411208162843 48.55649039626316 227.78058719266937 252.02162604524767 230.69887366360982 227.85505314673415 227.80211051225018 206.44350960373683 45.77273960888007 2.9640487474576256 0.007198112286100946 0.00716260364733807 2.8967809056789813 24.255346305553573 27.190726884102467 27.15927206056051 27.197907242069185 27.152109456913173 24.308288940037542 5.7935263027192
0.0 0.0 0.0 0.0 0.06008748381192436 24.308288940037542 206.323334636113 251.97586376873045 254.98563928406654 254.99996449136123 254.92555180025462 227.73484267047155 27.21223244936386 2.956868389490906 21.351420550546635 2.9496880315241865 24.31545154368488 206.323334636113 251.97584601441105 254.9784766804192 254.94703961119663 254.91838919660728 227.73482491615215 27.21223244936386 2.956868389490906 21.41152578867794 27.205069845716523 206.39056696925286 251.97586376873045 233.58843870268328 97.21163244056939 233.52120636954336 251.8628514047539 206.36906140399148 24.315433789365496 0.0601052381313058 0.05292488016458628 21.351438304866015 157.77402459781652 21.41152578867794 0.12019272194323015 0.0672855960980253 0.06726784177864387 0.11303011829589209 21.358600908513353
0.0 0.0 0.0 0.0 0.0601052381313058 24.308306694356922 203.49382157221268 230.68453070199573 252.10321909432102 254.99283739635266 254.93271440390197 227.78776755063615 27.212250203683244 0.07444819974536337 0.05292488016458628 0.06725008745926243 24.301144090709585 203.43373408840074 230.62444321818384 252.09603873635427 254.98563928406654 252.03595125254236 206.38342211992494 24.315487052323643 0.06726784177864387 0.06012299245068723 2.9783562004329203 48.662340156592336 230.62444321818379 251.98304412669714 230.7374733364797 227.8164179652255 230.67020549470107 224.83806176479257 27.197907242069185 0.06726784177864387 0.00716260364733807 2.889600547712262 21.351420550546635 2.889600547712262 0.00716260364733807 0.0 0.0 0.00716260364733807 2.889600547712262
0.0 0.0 1.7754319381437638e-05 0.00716260364733807 0.06726784177864387 5.807869264333258 48.60941527642774 75.74718177172684 233.5283689731907 254.87978952373737 254.86544656212328 227.7276623125048 27.205052091397143 0.0672855960980253 0.00716260364733807 0.06010523813130579 2.9111061129736573 24.368394178168845 51.50616067346796 230.63160582183113 254.8125394362781 230.62442546386438 48.60939752210837 2.964030993138244 0.007180357966719508 0.007180357966719508 2.956868389490906 45.71263437074876 206.38338661128614 230.5643557343719 227.68908039395427 54.44870385566419 72.85756346969521 206.31615427814626 27.152127211232557 0.06726784177864387 1.7754319381437638e-05 0.00716260364733807 0.05292488016458628 0.00716260364733807 1.7754319381437638e-05 1.7754319381437638e-05 0.007180357966719508 0.06010523813130579 0.06725008745926242
0.0 0.0 0.00716260364733807 2.889600547712262 21.404363185030604 24.301126336390205 179.245620115987 203.48664121424594 224.89100439927654 227.78060494698883 227.72766231250483 203.47947861059862 24.308288940037542 0.06726784177864387 2.889600547712262 21.351438304866015 2.8967809056789813 0.12735532559056822 24.36837642384947 203.48665896856534 227.66759258301232 203.48664121424596 24.361213820202128 0.06726784177864387 1.7754319381437638e-05 0.05292488016458628 21.358600908513356 160.67078774917613 45.71263437074876 48.60223491846102 182.13523841801867 45.72697733236282 182.1352206636993 200.52979057907442 24.301126336390205 0.0601052381313058 0.0 0.0 0.0 0.0 0.0 0.00716260364733807 2.8967631513596 24.241021098258898 24.241021098258898
0.0 0.0 0.05292488016458628 21.351420550546635 157.77400684349715 24.248183701906235 24.301126336390205 27.144964607585216 27.205052091397143 27.21221469504448 27.205052091397143 24.308288940037542 2.9039435093263193 0.06010523813130579 21.351420550546635 157.7668442398498 21.351420550546635 0.06010523813130579 2.9039435093263193 24.308288940037542 27.19787173343042 24.308288940037542 2.9039435093263193 0.007180357966719508 0.0 0.00716260364733807 2.8896183020316433 21.358600908513353 2.956868389490906 2.9640132388188625 21.41868839232528 5.7935618113579626 24.255364059872957 24.293945978423483 2.903925755006938 0.007180357966719508 0.0 0.0 1.7754319381437638e-05 0.00716260364733807 0.05292488016458628 0.06008748381192435 21.404363185030604 179.11826479039644 179.11826479039644
0.0 0.0 0.00716260364733807 2.889600547712262 21.351438304866015 2.8967809056789813 0.06726784177864387 0.06726784177864387 0.06730335041740673 0.07446595406474481 0.12737307990994964 0.1273553255905682 0.0672855960980253 0.014360715933439017 2.8896183020316433 21.351420550546635 2.889600547712262 0.007180357966719508 0.007180357966719508 0.06010523813130579 0.06725008745926242 0.06010523813130579 0.007180357966719508 1.7754319381437638e-05 0.0 1.7754319381437638e-05 0.00716260364733807 0.05292488016458628 0.007180357966719508 0.007180357966719508 0.05294263448396772 0.014360715933439017 0.0672855960980253 0.1201749676238487 0.06726784177864387 0.0071981122861009455 1.7754319381437638e-05 0.0 0.00716260364733807 2.889600547712262 21.351420550546635 2.8967631513596 2.903925755006938 24.241021098258898 24.241021098258898
0.0 0.0 1.7754319381437638e-05 0.00716260364733807 0.05294263448396772 0.01432520729467614 0.05294263448396772 0.00716260364733807 0.007180357966719508 2.8967631513596 24.24820145622562 27.137784249618498 24.30110858207082 2.9039435093263193 0.014342961614057579 0.05292488016458628 0.00716260364733807 1.7754319381437638e-05 0.0 0.0 0.0 0.0 0.0 1.7754319381437638e-05 0.007180357966719508 0.06010523813130579 0.06726784177864387 0.0672855960980253 0.06726784177864387 0.06010523813130579 0.007180357966719508 0.007180357966719508 2.8967631513596 24.241021098258898 24.241021098258898 2.8967631513596 0.00716260364733807 0.0 0.05292488016458628 21.351420550546635 157.7668442398498 21.351438304866015 0.06010523813130579 0.06008748381192435 0.06008748381192435
0.0 0.0 0.0 0.0 0.007180357966719508 2.8967631513596 21.40434543071122 2.8967631513596 0.06010523813130579 21.40434543071122 179.17835227420835 203.35928588865534 200.5226102211077 24.293945978423483 0.06008748381192436 0.0 0.0 0.0 0.0 0.0 0.0 1.7754319381437638e-05 0.007180357966719508 0.06726784177864387 2.964030993138244 24.31546929800426 27.205069845716523 27.21223244936386 27.205069845716523 24.31545154368488 2.956868389490906 0.06726784177864387 21.404363185030604 179.11826479039644 179.11826479039644 21.40434543071122 0.05292488016458628 0.0 0.00716260364733807 2.889600547712262 21.351420550546635 2.889600547712262 0.00716260364733807 0.0 0.0
0.0 0.0 0.0 0.0 0.06008748381192436 24.241021098258898 179.11826479039647 24.241021098258898 0.06725008745926243 2.8967631513596 24.30110858207082 48.482042196517796 182.01502794175607 24.248183701906235 0.06008748381192436 1.7754319381437638e-05 0.00716260364733807 0.05292488016458628 0.00716260364733807 1.7754319381437638e-05 0.0 0.00716260364733807 2.8967809056789813 24.30827118571816 48.595072314813684 206.33047948544095 227.72768006682423 227.78774979631675 227.73484267047155 206.37624176195823 45.71263437074876 2.964030993138244 2.9039435093263197 24.241021098258898 24.241021098258898 2.8967631513596 0.00716260364733807 0.0 3.5508638762875275e-05 0.01432520729467614 0.10584976032917257 0.01432520729467614 3.5508638762875275e-05 0.0 0.0
0.0 0.0 0.0 0.0 0.06008748381192436 24.241021098258898 179.11826479039647 24.241021098258898 0.06012299245068724 0.014360715933439017 0.12735532559056822 3.016938118983449 21.41870614664466 2.8967986599983626 0.007180357966719508 0.00716260364733807 2.889600547712262 21.351420550546635 2.889600547712262 0.00716260364733807 1.7754319381437638e-05 0.06008748381192435 21.464432914523147 182.07513317988736 224.78515463894738 230.6701877403817 252.03593349822296 254.9255518002546 254.9255518002546 251.97586376873045 206.38340436560554 24.368394178168845 0.07444819974536337 0.06010523813130579 0.06008748381192435 0.007180357966719508 1.7754319381437638e-05 0.0 0.007180357966719508 2.8967631513596 21.40434543071122 2.8967631513596 0.007180357966719508 0.0 0.0
0.0 0.0 0.0 1.7754319381437638e-05 0.014360715933439017 2.9568506351715245 21.464432914523147 2.9039435093263197 0.014360715933439017 2.8967631513596 24.241038852578278 24.248183701906235 2.9496880315241865 0.01432520729467614 1.7754319381437638e-05 0.05292488016458628 21.351420550546635 157.7668442398498 21.351420550546635 0.05292488016458628 0.007180357966719508 2.903925755006938 24.354033462235407 48.503565516098575 187.87585759489266 94.26910701269253 233.64138133716725 254.9470751198354 254.9999822456806 254.93273215822134 230.63160582183113 48.60941527642774 2.964030993138244 0.007180357966719508 0.0 0.0 0.0 0.0 0.06008748381192436 24.241021098258898 179.11826479039647 24.241038852578278 0.06726784177864387 0.06008748381192435 0.06010523813130579
0.0 0.0 1.7754319381437638e-05 0.014342961614057579 2.956868389490906 24.30827118571816 24.3011263363902 2.9039435093263193 0.06010523813130579 21.40434543071122 179.11826479039644 179.11826479039644 21.40434543071122 0.05292488016458628 1.7754319381437638e-05 0.01432520729467614 2.942525427876848 21.358583154193973 2.8896183020316433 0.00716260364733807 0.0601052381313058 24.248201456225615 179.18553263217512 27.257994725881108 45.794245174141466 209.33312790576846 252.05029421415642 254.99283739635266 255.0 254.99281964203328 252.03595125254236 206.38342211992494 24.31546929800426 0.0601052381313058 0.0 1.7754319381437638e-05 0.00716260364733807 0.05292488016458628 0.06725008745926243 24.241038852578278 179.11826479039647 24.248183701906235 2.9568506351715245 24.241021098258898 24.24820145622562
