Bitmap Example/raster_gaussian1.asc
ncols 49
nrows 49
xllcorner 50
yllcorner 50
cellsize 1
nodata_value -9999
[rows 0 to 18 of 49, columns 0 to 43 of 49]
244.45619533256144 220.95466632459383 186.30851291243022 158.35796301866844 114.73172428329859 49.99680504371189 13.979344101961804 10.296442044963872 9.638153524237095 5.279587272013399 5.279587272013399 9.616281143169825 9.584222308997363 5.555895678898523 15.307831945384446 70.67131116642966 145.97001833211985 158.9408108460074 156.04099248265805 199.80237079785923 240.1698063950892 252.19498744033484 253.7097410103462 253.72350235612112 252.65070062523284 245.709435469433 224.28296775728307 192.18405907242436 161.96066610377386 115.54469307196395 49.88292588615864 14.929300860037872 22.91281239147276 36.4829994930203 26.281073308902016 27.21567815896328 48.77064086126731 48.38223502803789 22.33643038894749 4.409209631657649 0.344735255994806 0.049538114495594886 1.2167034585903898 14.814153065950832
220.97653870566108 170.08585432041957 110.51765429967423 77.43265083921057 53.55121328716547 26.30162222344366 22.691105523506113 39.92090221269748 39.86003675060702 21.878646678798837 21.878646678798837 39.849936492322556 39.60845578828351 19.345844095931618 16.916785392252272 62.930949281989854 120.48057271494723 124.08523908076938 129.91837124439354 173.59277245588783 217.05302345939697 236.1096656848773 239.7679282552711 239.7723736358607 236.2568764722301 218.82438979369732 180.90073552418082 134.2850502515134 92.3607927001376 57.42696595279962 27.30271117523199 19.257784561813438 43.791106343038635 66.94920255773111 45.9033636604104 39.33172156953994 66.6544364086436 65.94699101612586 30.442920222259204 6.0094300979349855 0.4716241333857747 0.11391798599250273 1.9447331605280684 17.73625115071799
187.05469907795282 110.860235385744 43.804148308515636 18.468731045602045 11.192693348432236 10.437309326270345 30.99642549272494 65.30064529859166 65.69097954111407 36.075721176959775 36.070364222645196 65.68257058244149 65.25480568353069 30.916391467765308 15.658091675633289 44.77501085284022 79.21822153681782 72.3330389570604 72.36058446874276 104.059881777692 147.49507992747007 172.41703019765043 177.89731195916494 177.89640042309537 172.58582204955076 149.6852736114316 113.28437501332235 79.95084415567881 43.06400610806814 20.308970203305645 23.93091620373521 39.83384635432555 57.90083605661746 69.57654903596207 43.50418957725318 27.1214572217375 40.30263491108304 39.60019807490716 18.28755990396774 3.6253648294041034 0.3175291656557651 0.4071450475948531 5.232571367584472 32.18414057210275
167.93620395705267 81.85730854904287 19.33043904212542 3.0136082933445687 1.254230670197869 4.243626095697421 18.862359837197147 40.18621231505236 40.64226933071085 22.680909095061807 22.49800749941381 40.42141460160977 40.12519560766566 19.11536111328362 8.036636350961647 19.292633717380667 35.090338411175665 38.72645947915077 43.16910709506673 48.280388595199724 62.118116963982786 74.047807745793 76.71619013342516 76.48859877541452 73.51796721829469 61.13052783189494 44.823275313394795 34.07489977393705 18.138743279313235 13.19056156800173 40.80283392259095 69.82669448921293 58.1155363024101 39.1275472141244 20.07097303880753 8.627513896402121 9.493057920481561 9.173838795202261 4.598774310303586 1.4276962104386879 0.9547937585662298 1.7931889172718467 10.773530319008318 54.01887094952671
164.11450699242695 76.40620697888136 15.479056081166577 1.3862811976550122 0.9392138697750889 4.498043317768922 10.91438658413054 16.87413579095079 19.339418283437304 15.333536094352006 12.988293226434518 16.467796439362843 15.842320931290049 10.441965387015609 5.029203036165097 5.0082113635013386 12.678915875379204 32.7964125302639 50.12382385231282 38.015129772974646 26.720926644171573 24.489957268645576 19.826001514616927 16.768248352973544 17.710105158557703 17.775769217461605 15.235182926751715 13.445966470595076 8.232490549604305 11.6885862039767 43.71271402469607 72.30891607601609 47.28870383810938 16.60222823548996 7.857327275785592 6.72142320247958 4.86737947707315 4.871059999677196 6.770663219871277 7.89821697442579 11.153112412253542 13.996287004149352 20.337492469088136 58.54282101202757
167.4962662191233 81.02768745715626 18.247628655900296 2.2492154014573886 4.253460134779448 19.024033117823304 35.666490885880854 42.42876770820642 54.66760429302988 54.34688830203102 42.37826503798827 39.393040443708365 34.61292015999462 29.118797272730014 15.497280307108904 5.056387430997192 11.839440483783136 40.14385236095644 63.652770994546195 57.584918771674616 58.09129665783868 54.218389921274465 30.02297977330855 12.584083876205975 17.5234813273986 29.652844725628835 33.89912769870418 34.80695092269801 23.176457082624953 18.608954225266032 41.7619189835108 65.01305110469954 43.17288639615911 15.567611398184772 16.697714373731465 25.048851470412153 18.306141787832527 18.696473311570795 29.668503947869514 38.420653771695825 56.816426988143725 68.09105214580774 57.995552435184194 55.07710084497928
180.9508063281994 100.02349809354565 29.80588230185781 5.291086184150931 10.029613171401168 44.790115100254354 85.20167766620105 102.00944449697462 129.1653331187904 129.174370595709 102.45708388480082 90.71284985058792 69.47865389625528 50.59890835298144 26.22842520679683 10.789390759571901 29.530439735474854 78.6450393278067 108.43226427325368 106.0589393982529 126.58781129360783 130.51837516628865 82.86126882389905 34.387397810759 30.31775013471249 49.81502631250739 64.6036043491485 75.23177826148584 60.63155738062904 53.329698029958934 72.83654471246794 97.92327536334672 75.60083142750216 33.81701589552887 29.580966966264224 41.416866919539245 30.219000426151812 31.739106383265497 55.105150862798396 84.11387336218536 132.3184438057543 155.55499302240068 120.4480569281337 65.10864004928447
184.03763972593205 112.36036366870161 39.13798641214641 7.9362878017764515 13.877155230035312 63.33688926362342 128.2918575666964 159.81196645828265 190.11865777883446 190.30262215584833 160.29145497084593 131.72651585656826 78.98849733735243 41.30262962415098 22.31966801142252 17.404278631037734 57.56032311435234 134.48735830439284 167.8425874701457 151.40257520519359 162.40808516151571 178.49865393034636 135.43443778636367 59.46241402619141 26.315028346042972 34.41337640363646 56.38886054138266 82.5982782877712 94.10877862304562 112.3581266869164 127.61290246072292 142.31904311372688 119.45915190526958 56.533948354606906 25.64121451302163 26.16984065468181 18.993641580936973 23.838098628551684 57.95160616497378 117.6369716549842 185.49731400176523 202.26214181818665 146.65919679417132 69.19819919009326
133.38302393507317 81.01204731334522 30.885707221147758 8.625995370772669 15.568161303652461 72.21833986638521 158.53764255304213 205.1974589501972 224.80870242166912 226.91399513184717 207.57323723467636 159.77044200828794 78.58932267297637 34.92144915379254 30.18874435942594 29.816133805438525 75.98307170653834 167.5210193402813 208.29304970457514 178.85370693934723 153.3846807990723 167.1221417067186 147.56621413001676 69.36132309604423 17.50459091004011 11.82959220758606 30.459910446179094 69.05348856950911 120.11675597517645 167.54902380639174 174.67177416367036 166.15503325680623 138.8741000653652 67.52699758178004 20.200594678731925 12.213464062217763 9.06861196393471 19.218422240962134 69.57284672014262 153.90234839650458 215.93782340485194 213.38746130374975 155.49121003930276 87.0062891777549
56.79791320397446 43.18138695777933 32.47410412859714 17.193881823561505 18.26022234765809 75.82209299988182 171.41143349534485 219.09416261448408 224.6765236994807 233.6239484449418 227.1088190601153 169.02958039561346 77.97299111222767 39.16018071891972 43.10821431262194 39.51316271052424 81.4789379236224 176.33482147939813 226.6125126302069 202.59044774440622 159.4688723148397 155.21385639638322 138.43268457258523 66.59228874066504 14.292887860553114 7.291551227167593 33.17165640591569 93.97601152345784 164.52442802980323 200.407147600775 187.27423782375195 167.9633912202974 138.212029730419 69.13596811870633 28.721610938779214 26.51991459614239 20.527248198665845 36.271908177493366 104.02970987781568 190.45985005588489 236.55803298833322 232.7574052963563 196.77873279972928 138.63504707717627
15.914039186228825 29.778294787641972 42.2157110965556 26.182486025714375 20.471788769417937 76.56675213564792 172.580767120564 214.94025528809414 212.50385335033928 224.73245327213704 215.82042138054533 147.77570039061632 61.6277818937513 25.834388138509 26.56515350521234 29.088058196120635 76.32946969260709 172.25242424197188 231.79086522661402 230.56426063636906 204.24342720469394 178.5500264725224 128.75846585774397 54.44087534080836 11.342876125335788 11.557876104519156 56.83127653410543 140.8119802428834 204.17810990109314 210.99321514042316 178.3514399601466 150.39204112708745 115.10265539560731 57.15197657427184 34.975643887712664 42.23484262869345 35.371074399389876 62.711318375124165 144.2766927675945 214.6428069149286 243.40214374302826 244.0414407032821 224.57947192196434 168.5431239670591
5.1654960554647324 18.630136422825323 30.21869793555932 19.427784875360185 18.93044726102303 76.3439958963676 174.2213699442069 224.00600000448586 227.29253088595357 228.87849697869075 196.08257018741455 112.13458734538071 37.53288117746422 9.668593836955738 7.204326225933627 14.414288151450657 58.83894380021478 147.44705833022903 219.8167335658597 243.42111972043318 233.45802565579908 186.9849932916202 102.72183034613872 32.62983685386451 6.318016795234674 14.152606930842673 69.28585256022029 156.05247999994214 205.90979348231488 214.23979461622486 195.0327951939609 155.816682259132 93.33499515753074 36.34298192123667 20.713563221203678 26.124764382742363 28.66354546504669 71.86366473182657 152.78281275078038 200.82880025698535 220.5408170275566 220.3366335377167 200.45117371329644 153.05396931180852
4.441182271009386 18.295661804835635 30.15083012692262 19.359770388639443 18.130667507955952 72.42068537852921 167.1875526736656 222.65712003315326 232.72294313272272 226.7844582283231 185.7228572048444 102.7251476028687 33.403691302961825 8.853792804071386 6.7479472845691 9.1222421583325 33.85608266391761 103.05431117392402 186.42921167839125 228.78036666988032 225.322518482314 170.7813017190376 77.7761829530899 17.65014499311232 2.9826625414067585 13.643749115741114 66.36316511590087 142.4958460228887 180.97253372538023 194.52160489406202 191.16820360377693 162.24701969380703 95.35314444753861 32.26471306304871 8.525779261930131 6.93166043825592 16.605686436689673 63.51143673059066 124.35802204007851 141.54370466923868 150.6870038150215 147.677115309458 126.87841625014902 100.23714328710112
6.355998764413512 25.381013091275573 41.35496511069423 25.774832552153626 16.004921027271596 54.05497483311223 124.71423421425997 167.63722991573417 176.74173008061257 173.17886764818365 149.60633828254393 94.92163543673516 38.677049715123125 21.37133805364455 25.942780642329847 19.904279522354553 22.883405509165122 63.16568409117078 129.1004846435034 167.96884947022954 167.2204461013722 125.06061925597507 54.3334826402251 11.207205850556152 1.9700891233357085 10.267504196442541 50.25739584442262 109.36185655800635 137.72796381217492 137.31007611679962 128.81170879042824 124.04557104845236 88.82276210179957 34.88625666319361 6.648621347750964 1.7297795493809194 10.061236072791859 44.65522462743462 79.70052259449795 72.14111479005051 63.56673844614983 58.47883954350747 47.303758143830734 38.97083995247775
8.084079730825433 21.2381175592397 28.711088969177432 16.374516802467824 7.949762407038759 23.313505615504422 53.620638953224756 72.16069089032091 76.22520250420426 75.48750847676389 68.57264698542343 48.126724720912364 24.93525413301489 28.574489858903558 44.215588650238445 39.96736507779225 34.87963977483673 38.886623027386726 57.242318227547905 72.15950953466712 71.89396093946777 54.37417975340104 26.458954668723194 10.282110237006481 4.484034556537864 5.4539805699463395 22.40333871242772 50.01590600595917 63.343308999303844 57.96886865045151 50.12307045458962 53.563151523145855 44.34934918399732 19.176607141001202 3.7123336002880833 0.7713975897815714 5.2000941924015525 22.480419829462512 37.5035686326947 26.833923800667826 14.93315666868153 11.461194381968124 9.313098976764346 8.559889937855933
24.013154196134792 37.3912754374182 29.723367020444165 11.087731250748348 2.765533155796854 4.7012108108972335 10.811694506208742 14.874922357881445 15.891560125216461 15.671012453920078 14.415620752400685 10.786288280621475 7.839656927556609 16.263939785778096 30.192540553623104 39.631777203844315 44.86849416071687 29.733644613059862 16.69666146638418 15.259248757524075 14.973017435607442 14.655546907814438 20.91430953575709 29.16854150060287 20.62722291244623 7.5447895061995 5.509749762881993 10.529194551474928 13.679475447958506 12.34787082286894 10.404019721204278 11.596433252760566 10.324521557276281 4.952652381133053 1.2904413546344393 1.5550543737830598 8.214236034099681 24.775840861795544 34.318756532567704 19.774279031588755 5.771416489180312 5.296525606988746 10.225854171431937 12.96955743587678
52.91140113866384 84.74397676791261 70.57852946561371 27.64488202917206 5.118448653166192 1.8640823007411051 5.761106053660267 11.747853181377952 14.468920260259704 12.342627875630093 9.180307632065022 7.684546250184762 4.827274988519765 4.75100278842268 9.34829922643406 18.61248010158297 26.364200287087083 19.725277794302375 13.583562178688938 11.652890570693804 10.586073453614471 17.235163761705362 37.97973184377125 60.00144276151762 50.11525424978514 20.629065457354354 5.014773210053606 5.589266764614136 11.48246039868705 14.936223752753673 15.561197611821875 15.615013437299652 14.52588476317543 10.406549372440283 5.434647941741905 8.962383107005572 29.837445212433714 58.62117576519991 60.12736473611815 29.33034424006358 9.527019782825468 19.024984145632857 42.9115630159633 54.55311387090154
58.72474923561748 108.83453204830909 110.27672483409488 51.78122662804094 11.38866482046326 8.636494289809471 28.560783444087143 56.62770071090283 68.77335740602493 57.431901842233756 41.33206576008884 34.69592662114991 19.438137116312937 7.766785129790244 7.0450536541768125 7.35926698017862 10.998976899293849 25.88625796350336 47.99177322199978 51.873219594782746 48.252661544718336 59.99615442128553 70.19364560499983 71.71624065979267 59.950828803007894 28.715183735930264 10.569027002791945 23.98461454607017 53.92301293160927 72.22048033467362 76.23065156054011 75.55156688781946 68.8396942947704 48.469104087093484 24.56156027414147 31.375173101306643 73.72746314717497 98.68276502687829 68.32507037511948 24.566455764884772 10.024826679269006 30.854783015088383 70.70161152433364 89.82155423835212
35.49154352341922 84.95780130291092 108.11021369664152 58.85681008175069 16.637425188498323 26.382823487771944 78.22612828105106 138.9044476230407 161.59485620751843 133.32639249414342 93.61213292958888 76.26149478364091 44.030264004261184 24.249390809530492 25.778351528772284 16.905356438500185 17.551395254547245 56.31217982918022 108.01092914833879 119.41531082879732 120.61363711449047 137.63700938341518 120.16587454428742 70.24315087476353 37.785913864587755 18.32083407626368 17.9177595442918 60.04673051717179 128.16215420663784 168.25910749507074 177.03305955776744 174.0720923261503 152.72917409903565 100.49641802976578 48.698855217700206 58.82106497351032 111.5204634523841 111.4270959717329 54.62269684840472 13.237855544841647 5.121146020126969 18.635342131843654 42.89610580336426 54.49210173072704
